372203933
11638220
182551663
1539152125
2089236760
297113223
682459686
389783975
1274144475
1986747088
35080813
1192704813
1177430993
20892246
1096144061
1778509261
580267034
824799411
396759292
396696709
1492347875
1429221812
1326402589
1968057463
1598649547
1335028812
920099428
81344349
1354874151
1600746716
74926196
859159030
205774782
1008089404
1460121845
972214646
1955968946
290407146
1790056838
1386865443
259995963
1770412143
1930958216
841862848
1566619900
2031147080
1088920848
637052602
1737101519
425048868
1265714554
2038985543
1833466022
820580951
364062423
616233058
1862859972
923459791
724390468
745800833
1960036339
2079088240
1529629343
953629564
981624587
1195057455
2063579441
718765837
701908084
841494817
1823573824
2066133631
697364227
1782301510
2039570214
922613284
1529532848
1479321746
1542403703
903933384
1109066010
2061857757
1847193907
1764393917
1714365243
548547302
287208143
1711504592
1861709826
920308792
1452641450
1950751054
640125829
1849220180
1460225876
573180016
1972372117
1100595327
1429009278
2049310945
1426322029
1981873589
1878045353
593604265
1645341540
108340361
1957798318
971891292
816325562
1858183498
1782856212
625028493
1511364374
1064457102
1791733804
1654345594
1115620649
556525786
1237602617
2008062724
1804689663
360135813
1193691845
586608641
34005910
306679268
397704476
1250018668
231234475
1559903902
824518338
2115216322
996431416
945329406
1067306136
283324361
861289928
1660039116
169880788
1180637053
218051491
1184307455
1776955789
240866894
243212863
1017208200
100903633
1522762348
1504161537
265459875
1260584306
1714253287
814386457
1479900468
531566122
499840934
2018034321
1893595976
2107403739
686851402
1186910789
434033740
1950602968
298728074
2053456679
236713016
1295945668
1179694202
1551423910
35213496
1275224347
808802969
2127498120
1258180290
2112145668
927557166
869495389
2130268735
579266361
1186357476
1871920384
730465338
1914409514
1880702444
154176115
1372686523
325572340
105985824
1039800605
1854332596
1485255708
342771628
1411610542
1686530985
889608142
862892180
671801069
1639034404
1478487959
413847476
1982480146
1335030617
950436063
995544455
1070561408
1307589690
1459760079
1334464425
24381707
1761456619
1739321638
1231366902
283615775
1464117732
1559094398
104086492
1329982386
2004163526
695378287
616862635
1706742376
1280040453
148717925
1978684014
1957949503
1365373940
1977041385
120087664
1826224315
1515779281
103871406
2009999278
2140098036
424087449
139530950
44534126
1160746526
925413134
1341971564
1642815354
600405199
2132005987
1859973314
1799522666
1565246761
427636377
1804305377
343891952
913543187
1559751506
410682413
326873833
505342205
2136099197
1935077080
1348133392
2125443494
1085819460
51632014
195865910
1973402166
1232759694
69950802
989574305
1661981767
607761440
1214296948
1151707595
1479438754
1361473512
847057399
824609030
1491993119
1909288661
1713871953
847756860
1843031822
531708026
737337815
1456013515
642989040
579083576
261773628
1582856740
45810144
1131944582
34960901
1324827476
1264937036
1856142399
1837843671
1381283696
936854602
365196010
341076944
846343965
1718825674
353083474
776630857
429207133
