531178
789802
1196094
2180685
2369664
2382435
4753099
5533378
5883239
11800535
14348921
15649966
15723939
17867854
20259165
24275514
26734338
28407030
28428113
28841258
29797698
31477590
34120768
34233746
37743951
43075614
43629915
48233207
54240036
55257676
62447888
73911283
74859078
79769547
79987448
80176959
80355875
86019588
88898828
88973050
89614027
90012830
92053898
92784139
93630458
94024520
95350111
96856843
98172406
99331672
99641540
102342100
103866306
108579907
108982146
109809790
113032378
114717708
119730749
120629572
122521204
123478220
123617297
127798031
131754192
132568833
132733277
133989707
137075675
138744390
139679476
139911949
139985445
143419459
143550796
143780323
144494716
149337700
152833677
156927188
161825946
166921230
167849298
170739813
170959917
174038661
174635919
183688919
187723207
187826104
189622208
190048935
191760379
192182638
195048213
195120911
196653836
197801176
198191778
202718738
206009493
209876818
225228859
225709100
226478362
228237646
228850300
229080093
229904516
230114179
230592036
233633298
235495287
239807833
240356680
240402526
246380482
253840850
254253124
254617158
254938738
255838004
257980753
258707809
262076349
269855459
270245729
270670201
272835742
277638487
281628840
281955892
283891872
285167527
285350400
285404126
288666299
289857987
291580967
291681518
293897322
295560182
302228175
302595363
303397741
303535293
304798587
314154599
318857497
319902754
321297594
322062550
325159897
327308849
328725160
329863811
330298935
330371626
330446570
332451844
335708690
337064887
337312393
337574058
342152195
342253113
343957276
344081712
344294072
345933640
349896451
350303363
350718642
353587520
359104660
360153253
363187841
365330200
375375100
377380489
379314197
381979000
389300332
393326961
396876863
402959681
408107851
410462606
411304700
412383166
417860017
419229361
422445484
422790848
424251254
425116501
428439954
432398704
436798105
437313087
444275905
444892460
446220535
448924627
448928720
451071498
453606518
457284767
457802650
459175238
459698891
460312606
467228238
469075083
474721085
478989845
480772096
481924725
489306241
489341806
491118697
494554455
496560949
498391461
499936543
506020422
506851207
508022825
511617384
514406912
517934441
519103696
523306864
525493801
526514915
533207592
537968491
541392976
542775303
547659415
548710473
550332513
550557263
553189049
562840394
563256713
565590834
568289558
569215988
569867787
569941278
571452032
572272525
578228166
578417601
581020768
581922583
583772176
584322780
584761253
585846463
585884699
592079086
594371666
596785786
600480711
601528333
602225385
602602736
607071934
607904867
608647755
610071170
611144637
613389934
613508294
613581060
614486411
615636421
618232982
618309513
626669686
627464983
630786394
633157952
635284840
640547933
640827817
644146783
645938511
649990434
650859466
653082572
656574971
656980701
657687225
657909887
658179151
658197391
662970973
664995858
665669454
667197288
669399766
671319853
672729449
682119459
684187984
685472176
689423556
690002350
690119641
691568061
695583576
697448452
699521666
701780029
704228379
707553355
709686803
709917354
713852611
715280659
716186746
717273434
718834326
721433038
723688979
724068415
725665924
730274367
732324043
732324079
733280895
735526990
736318607
737272550
737633106
742634548
744228323
745117938
747649921
750112070
751614598
756915242
758718792
758761262
760859928
762630614
762877968
763096221
763136251
773998266
775399035
775676436
781322160
782211706
783703861
787172975
787560845
789863685
792870624
793124357
793481733
801904548
802763998
804258365
804549907
811756661
811791430
812323283
813615762
814954619
816412161
825064839
825403650
829240538
830488585
831469628
832393570
833946767
836758079
840831732
841862761
843558446
844267456
846300236
846561740
847432440
851255077
852243564
852896292
853056233
853173173
854908592
859644527
863740520
866037846
868455051
872617585
879139219
880546379
881964467
882139493
882854433
884106184
884687757
887736932
888090825
888426912
888707659
890879678
896785877
899426471
904762739
906766078
908266337
909194205
914012232
917283287
917925732
918563083
919694135
920542909
921818020
927544878
927574664
934583605
935044120
935236686
941409744
942014796
949518913
953629837
954806255
955456926
956980319
958413660
958758877
961637846
966154078
968523182
973687180
974195479
981385415
983121553
983872371
985932174
986212898
989933105
991638680
992533371
994142093
996057778
999908504
1000846885
1001353614
1001389140
1002825028
1002903663
1004865009
1005362373
1006552603
1007455738
1009997807
1010923385
1017146322
1019224030
1024121422
1027733979
1028514475
1028583940
1030219150
1032763318
1033180376
1034092791
1034945129
1035436414
1035973628
1036723098
1038083319
1039763445
1040845003
1042840897
1042972550
1048432682
1048574124
1049925557
1050387438
1054175130
1055108124
1060790851
1061903244
1066252814
1074732770
1078120534
1078207624
1079218724
1079655009
1080486418
1080807650
1081014014
1083165446
1084002805
1086248798
1089307761
1090169209
1091798161
1092432117
1092478575
1094377320
1095862267
1096542246
1097716468
1107262197
1108046481
1113768927
1114039727
1114669032
1115182167
1115270569
1115844288
1122525416
1122871670
1123383391
1127681088
1131149125
1134494786
1135082792
1139085981
1139326914
1143834292
1145870631
1146483872
1146906622
1148315053
1150276113
1163584275
1163873402
1164510517
1164908011
1165131763
1165466942
1166169244
1166645289
1169938308
1172237202
1172928596
1175300376
1175910151
1177105924
1177607714
1178677263
1179071408
1180433776
1183987236
1184765424
1193230688
1193369929
1193584776
1197210499
1200811249
1201410105
1207376524
1208403734
1212635586
1215011295
1220038309
1224444668
1225993726
1226585981
1229036479
1229523086
1229784476
1231531752
1232013175
1232284046
1237589924
1237872548
1239248843
1240000093
1240780650
1242542227
1244007826
1244387288
1244665275
1246487410
1249882426
1253652524
1258630673
1272928783
1273880336
1274773800
1275015146
1276225761
1277066180
1279061727
1280406783
1281675113
1284559311
1286863525
1288952981
1290642298
1291166562
1292294059
1293193931
1295347226
1295945514
1300664533
1302761616
1308046686
1310690687
1315638126
1317758557
1321033481
1322396361
1323115138
1325660894
1326616900
1330254432
1333964139
1337364797
1339778618
1350324202
1352147200
1359633098
1365778570
1374205176
1374820343
1379223412
1382823097
1383494342
1383794827
1386879399
1388894627
1392861241
1395942341
1397122975
1400643008
1400911202
1402143493
1402244683
1402688953
1404552600
1407171263
1407982575
1411731485
1412912712
1416522464
1417172923
1418309381
1425877530
1427417184
1429766789
1430073812
1430917401
1432226935
1437899646
1438354170
1438784542
1440731416
1440872090
1444554605
1449481395
1450915094
1452285058
1454018037
1456161931
1458385641
1463189050
1464728646
1467430127
1470260945
1473513834
1474191901
1477390890
1477451137
1478121036
1480074441
1480855030
1481541067
1483751562
1486805925
1487628320
1491395746
1494157160
1494788787
1496165320
1497244558
1498474550
1498696902
1499849864
1500192121
1500252563
1503042974
1503137458
1503550765
1504782634
1506053835
1506854968
1509298290
1511533630
1511647450
1512352879
1513245437
1513762641
1516583550
1516925305
1518214421
1519818457
1520001050
1521556943
1525426242
1526293677
1527101460
1527148140
1527419576
1529242144
1535055114
1535156784
1537214241
1542504127
1546092126
1546104755
1547515618
1548020238
1548759161
1551202631
1555247199
1555824036
1560668319
1562243932
1563149682
1564555866
1565157691
1568122562
1571736339
1572698429
1583959925
1587729056
1589587120
1589633880
1590965021
1593405454
1595244335
1595481738
1598560450
1598864726
1605069404
1613615959
1613647395
1614556888
1617310603
1618431804
1618617370
1619928597
1621321894
1621467531
1621604649
1624600217
1625720415
1628579524
1629326663
1639599313
1642531688
1643228831
1646869074
1646888837
1647544910
1647642366
1651440503
1652285199
1652849079
1655175658
1657824204
1658148265
1658517159
1659262511
1660582778
1660924356
1661212480
1664196155
1665032647
1668892216
1670113197
1670279975
1672402760
1672414791
1681166302
1681880093
1688880646
1689078002
1689251623
1690250572
1691219353
1698100631
1699719142
1700665994
1703246946
1711613058
1717487224
1723877761
1725654923
1728092047
1728400141
1728860233
1731155820
1731182115
1731366134
1731475077
1733496808
1733590572
1734172180
1735491162
1738218346
1740309416
1740671124
1742567950
1742568043
1750965533
1751411959
1752556409
1753662536
1754675732
1755363185
1758895695
1760160953
1761539959
1761659047
1763990911
1765204378
1766457738
1767686997
1768703738
1769834461
1770927459
1773103749
1774609832
1775507003
1776893400
1780754124
1781461851
1783107314
1785601767
1787074699
1794731473
1802457476
1804795245
1807215384
1809512717
1809943724
1818715338
1821543387
1822493025
1825177145
1826394128
1828946728
1833088726
1836077104
1840777092
1842330209
1843864812
1846200278
1846352396
1852644781
1852726050
1853002707
1856367965
1856605076
1856978853
1857205735
1858427627
1859097743
1859383061
1859519486
1860830891
1866170702
1869357249
1869627095
1870721386
1877180935
1878590451
1880091936
1884543447
1884739455
1887281185
1888590003
1894278288
1895896440
1903257143
1906879501
1907494330
1909784108
1913176261
1917000013
1917843718
1918385707
1918698947
1919671211
1920946578
1921460809
1923071920
1923772481
1924283578
1924541802
1926781041
1928831113
1931031120
1935569725
1939210538
1948853309
1949543672
1950249587
1953633685
1955355860
1958839567
1959448754
1962269577
1964309452
1966525362
1969878060
1973231931
1981235689
1983916074
1984599846
1985059180
1988435273
1990835779
2000044718
2001402003
2001939640
2002714996
2002880148
2004541303
2006860578
2007739367
2009420401
2010658941
2011443655
2013938015
2015290809
2015691081
2016205956
2024336783
2025309126
2028353615
2038609130
2038780689
2038843610
2041266438
2044949567
2053229522
2053742422
2058441853
2061468712
2065239952
2067120234
2067160376
2068332606
2071623671
2076757100
2082524176
2084127502
2085689197
2089138305
2091096643
2092122950
2094050236
2095605724
2097265705
2099685294
2102881079
2105041511
2106503030
2106604562
2113592468
2114302566
2116186398
2116596541
2117696854
2119738341
2122720596
2123394407
2123791473
2124002058
2124154515
2127474006
2130831084
2132652268
2134652487
2135178670
2136585138
2137688980
2138314136
2139852485
2140520570
2141171680
2141672891
2142586443
2147248075
